2009/5/14	2009055	03 04 18 22 24 29©¦11 
2009/5/12	2009054	16 17 23 26 31 32©¦11 
2009/5/10	2009053	07 12 18 19 22 28©¦04 
2009/5/7	2009052	09 11 15 19 21 30©¦08 
2009/5/5	2009051	06 10 13 16 21 23©¦07 
2009/5/3	2009050	13 21 24 29 30 32©¦04 
2009/4/30	2009049	09 12 14 20 30 31©¦06 
2009/4/28	2009048	03 07 11 15 17 31©¦01 
2009/4/26	2009047	06 08 11 15 21 22©¦16 
2009/4/23	2009046	16 20 21 26 29 30©¦09 
2009/4/21	2009045	03 04 06 23 30 32©¦01 
2009/4/19	2009044	11 14 16 18 26 30©¦01 
2009/4/16	2009043	04 09 10 15 18 26©¦07 
2009/4/14	2009042	08 16 22 23 27 30©¦11 
2009/4/12	2009041	01 08 23 26 28 33©¦08 
2009/4/9	2009040	04 07 10 20 26 30©¦12 
2009/4/7	2009039	05 12 14 15 21 27©¦03 
2009/4/5	2009038	12 13 15 23 28 32©¦05 
2009/4/2	2009037	02 06 15 18 20 31©¦03 
2009/3/31	2009036	06 09 18 23 32 33©¦07 
2009/3/29	2009035	06 15 21 26 29 31©¦05 
2009/3/26	2009034	09 12 18 21 22 26©¦07 
2009/3/24	2009033	07 08 13 14 29 30©¦06 
2009/3/22	2009032	09 11 12 19 27 32©¦06 
2009/3/19	2009031	01 02 03 15 30 33©¦01 
2009/3/17	2009030	08 14 24 26 28 32©¦07 
2009/3/15	2009029	12 13 15 22 23 29©¦13 
2009/3/12	2009028	03 06 12 15 23 26©¦10 
2009/3/10	2009027	02 07 11 16 27 32©¦06 
2009/3/8	2009026	11 15 17 18 20 30©¦16 
2009/3/5	2009025	10 20 22 23 26 33©¦11 
2009/3/3	2009024	01 03 17 23 30 33©¦12 
2009/3/1	2009023	01 06 07 15 24 30©¦08 
2009/2/26	2009022	05 08 09 10 11 18©¦08 
2009/2/24	2009021	01 04 05 17 24 27©¦09 
2009/2/22	2009020	03 05 07 10 19 23©¦13 
2009/2/19	2009019	06 17 19 20 26 27©¦04 
2009/2/17	2009018	02 05 06 19 27 30©¦15 
2009/2/15	2009017	06 14 15 19 25 26©¦08 
2009/2/12	2009016	02 07 13 16 20 33©¦03 
2009/2/10	2009015	02 04 06 15 17 32©¦05 
2009/2/8	2009014	03 06 09 14 15 18©¦02 
2009/2/5	2009013	04 08 09 21 26 27©¦09 
2009/2/3	2009012	05 11 14 17 18 28©¦01 
2009/2/1	2009011	02 04 13 14 18 23©¦15 
2009/1/22	2009010	03 10 17 19 20 24©¦02 
2009/1/20	2009009	08 15 21 30 31 33©¦02 
2009/1/18	2009008	04 15 16 22 32 33©¦02 
2009/1/15	2009007	01 05 12 23 25 26©¦15 
2009/1/13	2009006	06 12 18 20 26 33©¦02 
2009/1/11	2009005	01 03 08 15 17 21©¦13 
2009/1/8	2009004	03 11 13 17 28 31©¦03 
2009/1/6	2009003	02 03 06 15 25 30©¦02 
2009/1/4	2009002	10 14 17 25 29 33©¦14 
2009/1/1	2009001	04 21 23 24 30 31©¦04 
2008/12/30	2008154	02 05 07 21 22 26©¦08 
2008/12/28	2008153	01 04 18 21 24 30©¦16 
2008/12/25	2008152	01 04 06 22 26 30©¦08 
2008/12/23	2008151	06 08 10 14 17 19©¦06 
2008/12/21	2008150	04 19 22 24 29 32©¦02 
2008/12/18	2008149	10 14 22 28 29 33©¦02 
2008/12/16	2008148	03 05 09 22 26 28©¦09 
2008/12/14	2008147	07 08 14 22 26 33©¦02 
2008/12/11	2008146	07 08 17 19 31 32©¦10 
2008/12/9	2008145	07 13 18 22 26 29©¦02 
2008/12/7	2008144	02 05 10 27 29 33©¦15 
2008/12/4	2008143	12 17 18 19 26 27©¦06 
2008/12/2	2008142	05 06 10 13 17 28©¦15 
2008/11/30	2008141	03 13 20 25 29 33©¦15 
2008/11/27	2008140	07 14 16 29 30 31©¦14 
2008/11/25	2008139	08 09 19 23 25 26©¦07 
2008/11/23	2008138	07 14 19 23 25 32©¦04 
2008/11/20	2008137	01 04 24 28 29 33©¦09 
2008/11/18	2008136	05 09 10 12 18 28©¦02 
2008/11/16	2008135	05 14 15 16 19 21©¦15 
2008/11/13	2008134	10 15 19 20 28 32©¦02 
2008/11/11	2008133	08 11 16 19 24 26©¦11 
2008/11/9	2008132	09 13 16 25 27 33©¦08 
2008/11/6	2008131	02 12 15 18 22 32©¦08 
2008/11/4	2008130	01 12 18 28 30 32©¦06 
2008/11/2	2008129	01 03 18 24 25 32©¦15 
2008/10/30	2008128	01 05 19 20 27 33©¦05 
2008/10/28	2008127	05 08 19 22 27 30©¦13 
2008/10/26	2008126	04 11 12 14 20 30©¦13 
2008/10/23	2008125	10 11 12 15 26 29©¦09 
2008/10/21	2008124	01 07 10 13 21 22©¦03 
2008/10/19	2008123	10 11 15 16 25 29©¦02 
2008/10/16	2008122	02 08 11 14 19 26©¦15 
2008/10/14	2008121	02 22 23 27 31 32©¦06 
2008/10/12	2008120	10 11 22 24 26 33©¦02 
